750
780
955
764
702
282
692
859
772
135
16
741
611
303
593
110
938
293
959
569
515
176
506
132
112
694
925
140
786
738
39
970
575
667
650
489
323
914
448
354
334
356
992
641
308
730
358
312
655
860
21
203
477
33
597
213
971
722
978
319
258
656
747
621
693
917
642
976
220
602
122
43
14
592
842
646
141
790
431
556
989
742
680
298
209
194
439
63
505
815
987
533
900
232
377
863
727
463
679
411
192
565
292
268
658
5
931
574
807
74
639
691
317
357
351
107
340
778
332
315
975
822
333
430
507
954
540
791
121
159
370
235
519
45
865
669
864
48
811
972
829
880
922
342
908
284
316
812
554
240
966
843
875
486
111
25
855
538
785
450
281
228
467
184
541
11
809
921
821
379
854
626
164
906
775
441
360
508
406
539
210
245
771
682
877
732
504
754
926
767
649
531
559
302
983
520
177
610
29
442
647
500
279
718
254
361
277
728
202
845
623
502
397
950
848
381
942
944
869
514
222
690
83
230
479
12 85
24
766
493
826
100
77
713
420
274
739
920 65
313
90
189
373 501
933
571 385
328
393
178
839
440
362
142
888
416
596
267
671
776
378
346
193
374
605
964
173 684
93 37
309
92
547 250
208
41
719
18 769
701 384
364
733
179
225
400
229
212
688
151 715
852
948
823
844
17
570
951
125
387
3
348
551
936
480
604
663
870
80 57
675 143
187
138 781
594
697 128
488
736
426 478
664 171
896
737 126
56
272
301
459 353
913
170
746
729
886
708
555
433
49 910
22
952 47
518 464
794 59
388 599
276
186
485
803
451
745
98
265
70
154
72 868
566 238
792
988 119
546
404
181
233
705 116
885 69
653 223
436
196
247
255
380
895
787
311
261
305
613
73
182 882
624 172
609 226
407 580
455 535
382 495
367
7
614
748
205
350 563
779
199 657
231 773
932 161
923
969
516
167
799
557
509
561
273 585
9
903 930
156 918
50
804
755
616
75
734
878
89
446
924
219
278
369
562 390
943 61
101 901
525 428
144 927
813 237
820
890
899
583 359
256 700
251
109
549
784
654
483
573 234
105 898
44 909
99 828
873 86
836
706
606
13
567
23
643 271
270 720
723
499
532
743
473
765 269
735 295
795 104
866 95
1
28
456
326
687
777
768
145
591
513 542
386 685
831
674 432
725
81
227 651
763 123
530
389
259 816
423
756
260
285 789
481 548
275
984 810
300
827
27 945
394 636
169 696
40 58
91 892
521 324
51 916
977 131
365 503
805 102
320
830
287
162 699
78
286
973 36
857 96
249 587
290 582
444 630
157 911
846 175
939
526
113
524 476
289 564
133 806
345 628
490 529
534 266
677
425
410 633
148
6 774
912 206
336 579
391
19
352
474 338
681 168
850
853 965
808 246
751 264
355 517
581 253
146 753
4
314
726 335
87
408 445
402 673
662 218
796 97
770 257
239
26 941
686 395
149
645
35
460
874
797 84
511 363
339 558
38
211
905
640
703 343
197
60
217
447 618
494 498
124 758
42
491
543 322
629
887
761
998
94 798
760 71
392 449
665 417
457
383 637
644
106
707
462
553 306
244 595
297 759
652
537 487
396
52 897
670 399
200 762
262 578
661 190
341 523
475 552
115 0
62
576
560
216
689 163
108 783
947 834
622 198
695 160
468
867
299
134 934
817 191
840 185
368 666
584
412
236 731
413 659
757
960 64
422 632
424 631
851
371 601
188 871
721 180
372 496
872 957
155 788
612 331
712
241
678
327 668
166
929 68
67 904
627
849
120
638
937 838
482 510
304 717
724
8 999
620 419
522 527
318 676
648
801 55
986
625 280
550
429
714 310
195 782
183 603
15 985
615 221
435
252 590
962
841 967
114 750
982 981
744 152
814 79
889
991 961
716 337
800 248
201
617 466
443 545
263 568
401 683
833 2
802
434 465
88 902
472
147 919
935
437 375
139
130 824
150 884
891 949
470 403
956 158
296
825 46
129 990
894 974
243 752
835 996
458 589
118 749
469 418
953 818
497
619 207
453
544 484
832 224
165 711
31 940
20 980
414 577
34
438 634
136
344 512
153 883
452 608
704
174
127
879 76
862 958
471 398
330 709
858 215
881 214
242 598
415 635
997
588
995 968
994
405 492
32 66
204 600
963
847 53
740 291
856 117
137 793
325
30 82
672
349
528 288
454 607
837 54
294
103
907
347
893
10 946
421
409 427
915 876
329
376 660
461 586
283
536
861 979
993 928
321 710
307 698
572 366
819